255 255 255 255 255 255 255 255 255 255 255 255 255 255 255 255
255 255 255 255 255 255 255 255 255 255 255 255 255 255 255 255
255 255 255 255 255 255   0   0   0   0 255 255 255 255 255 255
255 255 255 255   0   0   0   0   0   0   0   0 255 255 255 255
255 255 255   0   0   0 255 255 255 255   0   0   0 255 255 255
255 255 255   0   0 255 255 255 255 255 255   0   0 255 255 255
255 255   0   0 255 255 255   0   0 255 255 255   0   0 255 255
255 255   0   0 255 255   0   0   0   0 255 255   0   0 255 255
255 255   0   0 255 255   0   0   0   0 255 255   0   0 255 255
255 255   0   0 255 255 255   0   0 255 255 255   0   0 255 255
255 255 255   0   0 255 255 255 255 255 255   0   0 255 255 255
255 255 255   0   0   0 255 255 255 255   0   0   0 255 255 255
255 255 255 255   0   0   0   0   0   0   0   0 255 255 255 255
255 255 255 255 255 255   0   0   0   0 255 255 255 255 255 255
255 255 255 255 255 255 255 255 255 255 255 255 255 255 255 255
255 255 255 255 255 255 255 255 255 255 255 255 255 255 255 255
255 255 255 255 255 255 255 255 255 255 255 255 255 255 255 255
255 255 255 255 255 255 255 255 255 255 255 255 255 255 255 255
255 255 255 255 255 255   0   0   0   0 255 255 255 255 255 255
255 255 255 255   0   0   0   0   0   0   0   0 255 255 255 255
255 255 255   0   0   0 255 255 255 255   0   0   0 255 255 255
255 255 255   0   0 255 255 255 255 255 255   0   0 255 255 255
255 255   0   0 255 255 255   0   0 255 255 255   0   0 255 255
255 255   0   0 255 255   0   0   0   0 255 255   0   0 255 255
255 255   0   0 255 255   0   0   0   0 255 255   0   0 255 255
255 255   0   0 255 255 255   0   0 255 255 255   0   0 255 255
255 255 255   0   0 255 255 255 255 255 255   0   0 255 255 255
255 255 255   0   0   0 255 255 255 255   0   0   0 255 255 255
255 255 255 255   0   0   0   0   0   0   0   0 255 255 255 255
255 255 255 255 255 255   0   0   0   0 255 255 255 255 255 255
255 255 255 255 255 255 255 255 255 255 255 255 255 255 255 255
255 255 255 255 255 255 255 255 255 255 255 255 255 255 255 255
255 255 255 255 255 255 255 255 255 255 255 255 255 255 255 255
255 255 255 255 255 255 255 255 255 255 255 255 255 255 255 255
255 255 255 255 255 255 204 204 204 204 255 255 255 255 255 255
255 255 255 255 204 204 204 204 204 204 204 204 255 255 255 255
255 255 255 204 204 204 255 255 255 255 204 204 204 255 255 255
255 255 255 204 204 255 255 255 255 255 255 204 204 255 255 255
255 255 204 204 255 255 255 204 204 255 255 255 204 204 255 255
255 255 204 204 255 255 204 204 204 204 255 255 204 204 255 255
255 255 204 204 255 255 204 204 204 204 255 255 204 204 255 255
255 255 204 204 255 255 255 204 204 255 255 255 204 204 255 255
255 255 255 204 204 255 255 255 255 255 255 204 204 255 255 255
255 255 255 204 204 204 255 255 255 255 204 204 204 255 255 255
255 255 255 255 204 204 204 204 204 204 204 204 255 255 255 255
255 255 255 255 255 255 204 204 204 204 255 255 255 255 255 255
255 255 255 255 255 255 255 255 255 255 255 255 255 255 255 255
255 255 255 255 255 255 255 255 255 255 255 255 255 255 255 255

255 255 255 255 255 255 255 255 255 255 255 255 255 255 255 255
255 255 255 255 255 255 255 255 255 255 255 255 255 255 255 255
255 255 255 255 246 141  50   7   7  50 141 246 255 255 255 255
255 255 255 225  43   0   0   0   0   0   0  43 225 255 255 255
255 255 246  43   0  24 153 221 221 152  24   0  43 246 255 255
255 255 141   0  24 225 255 255 255 255 225  24   0 141 255 255
255 255  50   0 153 255 175  25  27 180 255 153   0  50 255 255
255 255   7   0 221 254  21   0   0  27 255 221   0   7 255 255
255 255   7   0 221 254  19   0   0  25 255 221   0   7 255 255
255 255  50   0 152 255 171  19  21 175 255 152   0  50 255 255
255 255 141   0  24 225 255 254 254 255 225  24   0 141 255 255
255 255 246  43   0  24 152 221 221 152  24   0  43 246 255 255
255 255 255 225  43   0   0   0   0   0   0  43 225 255 255 255
255 255 255 255 246 141  50   7   7  50 141 246 255 255 255 255
255 255 255 255 255 255 255 255 255 255 255 255 255 255 255 255
255 255 255 255 255 255 255 255 255 255 255 255 255 255 255 255
255 255 255 255 255 255 255 255 255 255 255 255 255 255 255 255
255 255 255 255 255 255 255 255 255 255 255 255 255 255 255 255
255 255 255 255 246 141  50   7   7  50 141 246 255 255 255 255
255 255 255 225  43   0   0   0   0   0   0  43 225 255 255 255
255 255 246  43   0  24 153 221 221 152  24   0  43 246 255 255
255 255 141   0  24 225 255 255 255 255 225  24   0 141 255 255
255 255  50   0 153 255 175  25  27 180 255 153   0  50 255 255
255 255   7   0 221 254  21   0   0  27 255 221   0   7 255 255
255 255   7   0 221 254  19   0   0  25 255 221   0   7 255 255
255 255  50   0 152 255 171  19  21 175 255 152   0  50 255 255
255 255 141   0  24 225 255 254 254 255 225  24   0 141 255 255
255 255 246  43   0  24 152 221 221 152  24   0  43 246 255 255
255 255 255 225  43   0   0   0   0   0   0  43 225 255 255 255
255 255 255 255 246 141  50   7   7  50 141 246 255 255 255 255
255 255 255 255 255 255 255 255 255 255 255 255 255 255 255 255
255 255 255 255 255 255 255 255 255 255 255 255 255 255 255 255
255 255 255 255 255 255 255 255 255 255 255 255 255 255 255 255
255 255 255 255 255 255 255 255 255 255 255 255 255 255 255 255
255 255 255 255 253 232 213 205 205 213 232 253 255 255 255 255
255 255 255 249 212 204 204 204 204 204 204 212 249 255 255 255
255 255 253 212 204 208 234 248 248 234 208 204 212 253 255 255
255 255 232 204 208 249 255 255 255 255 249 208 204 232 255 255
255 255 213 204 234 255 238 208 209 239 255 234 204 213 255 255
255 255 205 204 248 254 207 204 204 209 255 248 204 205 255 255
255 255 205 204 248 254 207 204 204 208 255 248 204 205 255 255
255 255 213 204 234 255 237 207 207 238 255 234 204 213 255 255
255 255 232 204 208 249 255 254 254 255 249 208 204 232 255 255
255 255 253 212 204 208 234 248 248 234 208 204 212 253 255 255
255 255 255 249 212 204 204 204 204 204 204 212 249 255 255 255
255 255 255 255 253 232 213 205 205 213 232 253 255 255 255 255
255 255 255 255 255 255 255 255 255 255 255 255 255 255 255 255
255 255 255 255 255 255 255 255 255 255 255 255 255 255 255 255

255 255 255 255 255 255 255 255 255 255 255 255 255 255 255 255
255 255 255 255 255 255 255 255 255 255 255 255 255 255 255 255
255 255 255 255 246 141  50   7   7  50 141 246 255 255 255 255
255 255 255 225  43   0   0   0   0   0   0  43 225 255 255 255
255 255 246  43   0  24 153 221 221 152  24   0  43 246 255 255
255 255 141   0  24 225 255 255 255 255 225  24   0 141 255 255
255 255  50   0 152 255 180  27  25 175 255 152   0  50 255 255
255 255   7   0 221 255  27   0   0  21 254 221   0   7 255 255
255 255   7   0 221 255  25   0   0  19 254 221   0   7 255 255
255 255  50   0 153 255 175  21  19 171 255 152   0  50 255 255
255 255 141   0  24 225 255 254 254 255 225  24   0 141 255 255
255 255 246  43   0  24 153 221 221 152  24   0  43 246 255 255
255 255 255 225  43   0   0   0   0   0   0  43 225 255 255 255
255 255 255 255 246 141  50   7   7  50 141 246 255 255 255 255
255 255 255 255 255 255 255 255 255 255 255 255 255 255 255 255
255 255 255 255 255 255 255 255 255 255 255 255 255 255 255 255
255 255 255 255 255 255 255 255 255 255 255 255 255 255 255 255
255 255 255 255 255 255 255 255 255 255 255 255 255 255 255 255
255 255 255 255 246 141  50   7   7  50 141 246 255 255 255 255
255 255 255 225  43   0   0   0   0   0   0  43 225 255 255 255
255 255 246  43   0  24 153 221 221 152  24   0  43 246 255 255
255 255 141   0  24 225 255 255 255 255 225  24   0 141 255 255
255 255  50   0 152 255 180  27  25 175 255 152   0  50 255 255
255 255   7   0 221 255  27   0   0  21 254 221   0   7 255 255
255 255   7   0 221 255  25   0   0  19 254 221   0   7 255 255
255 255  50   0 153 255 175  21  19 171 255 152   0  50 255 255
255 255 141   0  24 225 255 254 254 255 225  24   0 141 255 255
255 255 246  43   0  24 153 221 221 152  24   0  43 246 255 255
255 255 255 225  43   0   0   0   0   0   0  43 225 255 255 255
255 255 255 255 246 141  50   7   7  50 141 246 255 255 255 255
255 255 255 255 255 255 255 255 255 255 255 255 255 255 255 255
255 255 255 255 255 255 255 255 255 255 255 255 255 255 255 255
255 255 255 255 255 255 255 255 255 255 255 255 255 255 255 255
255 255 255 255 255 255 255 255 255 255 255 255 255 255 255 255
255 255 255 255 253 232 213 205 205 213 232 253 255 255 255 255
255 255 255 249 212 204 204 204 204 204 204 212 249 255 255 255
255 255 253 212 204 208 234 248 248 234 208 204 212 253 255 255
255 255 232 204 208 249 255 255 255 255 249 208 204 232 255 255
255 255 213 204 234 255 239 209 208 238 255 234 204 213 255 255
255 255 205 204 248 255 209 204 204 207 254 248 204 205 255 255
255 255 205 204 248 255 208 204 204 207 254 248 204 205 255 255
255 255 213 204 234 255 238 207 207 237 255 234 204 213 255 255
255 255 232 204 208 249 255 254 254 255 249 208 204 232 255 255
255 255 253 212 204 208 234 248 248 234 208 204 212 253 255 255
255 255 255 249 212 204 204 204 204 204 204 212 249 255 255 255
255 255 255 255 253 232 213 205 205 213 232 253 255 255 255 255
255 255 255 255 255 255 255 255 255 255 255 255 255 255 255 255
255 255 255 255 255 255 255 255 255 255 255 255 255 255 255 255

255 255 255 255 255 255 255 255 255 255 255 255 255 255 255 255
255 255 255 255 255 255 255 255 255 255 255 255 255 255 255 255
255 255 255 255 246 141  50   7   7  50 141 246 255 255 255 255
255 255 255 225  43   0   0   0   0   0   0  43 225 255 255 255
255 255 246  43   0  24 152 221 221 152  24   0  43 246 255 255
255 255 141   0  24 225 255 254 254 255 225  24   0 141 255 255
255 255  50   0 152 255 175  21  19 171 255 152   0  50 255 255
255 255   7   0 221 255  25   0   0  19 254 221   0   7 255 255
255 255   7   0 221 255  27   0   0  21 254 221   0   7 255 255
255 255  50   0 153 255 180  27  25 175 255 153   0  50 255 255
255 255 141   0  24 225 255 255 255 255 225  24   0 141 255 255
255 255 246  43   0  24 152 221 221 153  24   0  43 246 255 255
255 255 255 225  43   0   0   0   0   0   0  43 225 255 255 255
255 255 255 255 246 141  50   7   7  50 141 246 255 255 255 255
255 255 255 255 255 255 255 255 255 255 255 255 255 255 255 255
255 255 255 255 255 255 255 255 255 255 255 255 255 255 255 255
255 255 255 255 255 255 255 255 255 255 255 255 255 255 255 255
255 255 255 255 255 255 255 255 255 255 255 255 255 255 255 255
255 255 255 255 246 141  50   7   7  50 141 246 255 255 255 255
255 255 255 225  43   0   0   0   0   0   0  43 225 255 255 255
255 255 246  43   0  24 152 221 221 152  24   0  43 246 255 255
255 255 141   0  24 225 255 254 254 255 225  24   0 141 255 255
255 255  50   0 152 255 175  21  19 171 255 152   0  50 255 255
255 255   7   0 221 255  25   0   0  19 254 221   0   7 255 255
255 255   7   0 221 255  27   0   0  21 254 221   0   7 255 255
255 255  50   0 153 255 180  27  25 175 255 153   0  50 255 255
255 255 141   0  24 225 255 255 255 255 225  24   0 141 255 255
255 255 246  43   0  24 152 221 221 153  24   0  43 246 255 255
255 255 255 225  43   0   0   0   0   0   0  43 225 255 255 255
255 255 255 255 246 141  50   7   7  50 141 246 255 255 255 255
255 255 255 255 255 255 255 255 255 255 255 255 255 255 255 255
255 255 255 255 255 255 255 255 255 255 255 255 255 255 255 255
255 255 255 255 255 255 255 255 255 255 255 255 255 255 255 255
255 255 255 255 255 255 255 255 255 255 255 255 255 255 255 255
255 255 255 255 253 232 213 205 205 213 232 253 255 255 255 255
255 255 255 249 212 204 204 204 204 204 204 212 249 255 255 255
255 255 253 212 204 208 234 248 248 234 208 204 212 253 255 255
255 255 232 204 208 249 255 254 254 255 249 208 204 232 255 255
255 255 213 204 234 255 238 207 207 237 255 234 204 213 255 255
255 255 205 204 248 255 208 204 204 207 254 248 204 205 255 255
255 255 205 204 248 255 209 204 204 207 254 248 204 205 255 255
255 255 213 204 234 255 239 209 208 238 255 234 204 213 255 255
255 255 232 204 208 249 255 255 255 255 249 208 204 232 255 255
255 255 253 212 204 208 234 248 248 234 208 204 212 253 255 255
255 255 255 249 212 204 204 204 204 204 204 212 249 255 255 255
255 255 255 255 253 232 213 205 205 213 232 253 255 255 255 255
255 255 255 255 255 255 255 255 255 255 255 255 255 255 255 255
255 255 255 255 255 255 255 255 255 255 255 255 255 255 255 255
